WP_003050535.1	WP_003281814.1	78.947	38	7	1	1	37	1	38	9.79e-15	57.0
WP_003058049.1	WP_003283670.1	77.632	76	17	0	1	76	1	76	3.08e-37	116
WP_003059431.1	WP_003463313.1	72.549	102	28	0	1	102	1	102	9.47e-53	157
WP_012202089.1	WP_089168155.1	73.818	550	138	2	27	576	13	556	0.0	846
WP_012202167.1	WP_089167884.1	70.968	217	63	0	1	217	1	217	1.57e-111	315
WP_012202241.1	WP_012703245.1	77.679	112	25	0	1	112	1	112	1.45e-61	181
WP_012202277.1	WP_089166765.1	75.000	476	116	3	1	473	1	476	0.0	664
WP_012202286.1	WP_089166927.1	76.773	409	95	0	1	409	1	409	0.0	654
WP_012202325.1	WP_039806165.1	82.927	123	21	0	1	123	1	123	8.70e-72	207
WP_012202332.1	WP_089169346.1	70.696	273	80	0	1	273	1	273	1.70e-135	380
WP_012202333.1	WP_012699306.1	72.527	91	25	0	1	91	1	91	4.24e-48	145
WP_012202336.1	WP_012699309.1	74.265	136	35	0	1	136	1	136	1.69e-61	182
WP_012202355.1	WP_089169735.1	71.595	514	141	1	2	515	3	511	0.0	744
WP_012202357.1	WP_039807235.1	79.221	462	89	1	6	467	4	458	0.0	739
WP_012202806.1	WP_089168875.1	71.779	326	91	1	9	334	2	326	4.88e-176	490
WP_012202964.1	WP_003289207.1	79.508	122	25	0	1	122	1	122	3.70e-70	203
WP_012202976.1	WP_039806105.1	75.200	125	31	0	10	134	5	129	1.03e-70	205
WP_012202999.1	WP_089169563.1	74.493	345	87	1	1	345	1	344	0.0	525
WP_012203105.1	WP_039806012.1	72.973	222	59	1	5	225	1	222	6.48e-105	300
WP_012203113.1	WP_089169143.1	77.168	565	129	0	3	567	2	566	0.0	888
WP_012203116.1	WP_039805843.1	80.808	99	19	0	1	99	1	99	4.80e-56	166
WP_012203218.1	WP_089169752.1	73.443	305	77	1	3	303	10	314	1.33e-170	473
WP_012203297.1	WP_089169279.1	75.102	245	60	1	1	245	1	244	1.06e-140	391
WP_012203332.1	WP_089167564.1	76.707	249	58	0	1	249	1	249	6.57e-134	374
WP_012203332.1	WP_089167502.1	74.699	249	63	0	1	249	1	249	2.43e-131	368
WP_012203696.1	WP_089169106.1	74.944	447	111	1	1	447	1	446	0.0	620
WP_012203816.1	WP_089168275.1	76.224	286	68	0	1	286	1	286	7.42e-148	413
WP_012204283.1	WP_010795989.1	71.667	60	17	0	1	60	1	60	1.01e-27	92.0
WP_012204310.1	WP_089167564.1	77.108	249	57	0	1	249	1	249	3.88e-134	375
WP_012204310.1	WP_089167502.1	74.297	249	64	0	1	249	1	249	4.16e-131	367
WP_012204334.1	WP_089168884.1	74.797	369	93	0	1	369	3	371	0.0	573
WP_012204353.1	WP_089166832.1	72.131	854	233	3	1	851	1	852	0.0	1254
WP_012204353.1	WP_089167961.1	72.131	854	233	3	1	851	1	852	0.0	1253
WP_012204530.1	WP_039804456.1	71.290	411	115	2	4	413	5	413	0.0	600
WP_012204623.1	WP_039804820.1	71.459	473	135	0	3	475	2	474	0.0	726
WP_012205822.1	WP_039802419.1	71.429	105	30	0	1	105	1	105	1.66e-54	162
WP_012206068.1	WP_089167676.1	75.587	213	47	2	1	212	1	209	2.17e-109	309
WP_012206664.1	WP_039802117.1	75.444	338	83	0	1	338	1	338	0.0	532
WP_012206813.1	WP_012699425.1	76.389	72	17	0	3	74	2	73	1.33e-38	120
WP_012206822.1	WP_039802423.1	70.213	141	42	0	1	141	1	141	8.89e-68	199
WP_012207163.1	WP_039806568.1	72.368	76	21	0	1	76	1	76	4.04e-40	124
WP_012207318.1	WP_089169433.1	75.258	194	48	0	8	201	4	197	4.19e-107	303
WP_012207447.1	WP_089169210.1	71.825	504	142	0	4	507	3	506	0.0	754
WP_012207452.1	WP_089169368.1	72.683	205	56	0	1	205	1	205	1.97e-110	311
WP_012207856.1	WP_003458028.1	70.455	44	13	0	1	44	1	44	4.79e-16	60.8
WP_013800242.1	WP_089169457.1	70.552	326	95	1	9	334	10	334	6.77e-163	455
WP_013800249.1	WP_089169348.1	80.808	396	75	1	1	395	1	396	0.0	665
WP_013800270.1	WP_089169348.1	80.556	396	76	1	1	395	1	396	0.0	660
WP_013800441.1	WP_089168912.1	76.504	698	154	3	1	694	1	692	0.0	1048
WP_013800515.1	WP_089166823.1	70.642	109	32	0	1	109	1	109	9.86e-59	173
WP_013800566.1	WP_089167876.1	82.781	302	50	2	10	310	10	310	0.0	514
WP_013800679.1	WP_089167451.1	76.438	539	127	0	1	539	1	539	0.0	798
WP_013800780.1	WP_039801821.1	71.429	21	6	0	20	40	22	42	8.78e-06	37.0
WP_013800930.1	WP_039802523.1	75.000	112	28	0	5	116	4	115	2.04e-57	171
WP_013801660.1	WP_039803537.1	70.701	314	91	1	27	340	20	332	1.96e-162	454
WP_013801679.1	WP_039804752.1	79.221	77	16	0	5	81	10	86	2.63e-41	130
WP_013801698.1	WP_089168456.1	76.763	241	56	0	1	241	1	241	6.51e-136	388
WP_013801919.1	WP_039806046.1	74.545	55	14	0	1	55	1	55	8.78e-25	86.3
WP_013802010.1	WP_089167920.1	75.053	473	118	0	4	476	5	477	0.0	763
WP_013802818.1	WP_089167107.1	70.060	334	95	2	5	334	4	336	1.82e-179	497
WP_013803243.1	WP_089166948.1	80.806	620	110	2	1	619	1	612	0.0	1010
WP_013803686.1	WP_039803288.1	81.579	190	33	1	1	190	1	188	3.66e-116	325
WP_016446257.1	WP_089167677.1	79.039	229	48	0	1	229	1	229	1.04e-133	373
WP_016447123.1	WP_039802418.1	81.395	129	23	1	1	129	1	128	2.26e-76	219
WP_016450524.1	WP_089167439.1	84.211	19	3	0	255	273	893	911	1.84e-07	48.9
WP_034368871.1	WP_089167175.1	70.550	618	161	6	27	634	19	625	0.0	889
WP_034389691.1	WP_089166835.1	77.293	458	93	2	4	451	3	459	0.0	723
WP_034390428.1	WP_089167565.1	70.323	310	91	1	1	310	1	309	7.45e-150	420
WP_034390428.1	WP_089167503.1	70.000	310	92	1	1	310	1	309	1.19e-149	419
WP_034390547.1	WP_039806939.1	77.315	216	49	0	1	216	1	216	2.06e-108	308
