WP_011803767.1	WP_012703649.1	56.522	69	30	0	7	75	3	71	8.99e-22	77.8
WP_012201941.1	WP_131256496.1	50.418	478	209	5	13	466	5	478	2.19e-153	442
WP_012201943.1	WP_089166637.1	54.492	846	341	9	17	859	2	806	0.0	852
WP_012201974.1	WP_039805826.1	57.031	128	55	0	11	138	1	128	1.00e-50	155
WP_012202033.1	WP_039802943.1	54.118	85	36	2	1	84	1	83	6.87e-25	86.3
WP_012202113.1	WP_089170125.1	51.536	293	141	1	3	294	1	293	7.68e-104	303
WP_012202207.1	WP_039802707.1	59.302	258	104	1	1	257	1	258	1.31e-116	332
WP_012202244.1	WP_089168310.1	53.968	252	114	2	5	256	4	253	4.38e-69	211
WP_012202292.1	WP_039805642.1	54.545	99	41	1	1	99	1	95	8.43e-32	104
WP_012202293.1	WP_039805641.1	69.706	340	100	1	1	340	1	337	5.69e-175	486
WP_012202326.1	WP_012699299.1	69.427	157	47	1	1	157	1	156	4.54e-76	221
WP_012202329.1	WP_039806154.1	59.155	213	83	2	6	218	2	210	3.30e-87	254
WP_012202334.1	WP_089169345.1	61.111	108	42	0	3	110	2	109	1.13e-43	135
WP_012202335.1	WP_039806143.1	64.574	223	76	2	1	220	1	223	2.84e-105	303
WP_012202338.1	WP_012699311.1	58.974	78	31	1	1	78	1	77	2.41e-29	97.8
WP_012202346.1	WP_089167402.1	52.941	85	39	1	6	89	6	90	8.58e-26	88.6
WP_012202356.1	WP_039807237.1	57.241	290	121	2	1	290	1	287	8.69e-118	337
WP_012202362.1	WP_039801484.1	55.758	165	72	1	5	168	14	178	2.65e-54	169
WP_012202437.1	WP_039806181.1	60.345	174	69	0	21	194	4	177	1.19e-79	232
WP_012202438.1	WP_089169353.1	67.832	143	46	0	1	143	1	143	6.21e-69	201
WP_012202441.1	WP_089169351.1	59.200	125	48	1	1	125	1	122	1.68e-30	103
WP_012202481.1	WP_089169002.1	60.260	385	131	4	2	386	1	363	6.67e-165	464
WP_012202528.1	WP_089168037.1	53.846	234	103	1	1	234	1	229	1.06e-82	244
WP_012202531.1	WP_089168033.1	56.231	674	291	2	24	696	22	692	0.0	746
WP_012202534.1	WP_089168030.1	66.667	123	41	0	5	127	6	128	1.95e-57	171
WP_012202558.1	WP_089167995.1	54.674	353	154	3	32	382	40	388	2.16e-125	363
WP_012202564.1	WP_089167989.1	64.754	122	43	0	1	122	1	122	3.92e-53	161
WP_012202573.1	WP_232487263.1	61.124	445	154	4	38	477	10	440	1.52e-178	505
WP_012202578.1	WP_089168003.1	67.816	87	28	0	56	142	69	155	1.72e-41	132
WP_012202580.1	WP_089168001.1	58.566	251	97	2	11	259	8	253	2.47e-92	270
WP_012202588.1	WP_089168022.1	57.419	155	65	1	5	158	7	161	1.09e-47	149
WP_012202605.1	WP_089167407.1	60.408	245	92	1	18	262	2	241	3.38e-106	305
WP_012202654.1	WP_089167015.1	64.159	226	75	2	1	226	1	220	1.40e-101	291
WP_012202692.1	WP_039805058.1	55.775	355	157	0	3	357	2	356	3.11e-127	367
WP_012202700.1	WP_089167051.1	64.975	197	60	3	4	195	2	194	1.66e-89	258
WP_012202702.1	WP_039801636.1	58.271	266	106	1	1	266	3	263	2.82e-108	311
WP_012202749.1	WP_232487140.1	62.281	114	39	2	4	114	5	117	5.01e-46	147
WP_012202765.1	WP_089166724.1	57.229	166	71	0	1	166	1	166	4.66e-60	181
WP_012202771.1	WP_039802399.1	50.000	78	39	0	34	111	32	109	2.63e-26	91.7
WP_012202778.1	WP_089168971.1	51.064	47	23	0	151	197	839	885	1.79e-07	47.8
WP_012202800.1	WP_089168340.1	53.716	296	128	4	1	296	1	287	6.62e-104	302
WP_012202801.1	WP_089168341.1	51.554	386	187	0	1	386	1	386	4.24e-141	404
WP_012202808.1	WP_039801164.1	50.455	220	108	1	1	220	1	219	1.61e-68	207
WP_012202862.1	WP_089168061.1	53.236	479	213	6	5	477	3	476	1.57e-165	473
WP_012202862.1	WP_089169657.1	52.818	479	215	6	5	477	3	476	7.60e-164	469
WP_012202862.1	WP_089168869.1	52.371	485	216	7	1	477	1	478	4.94e-158	454
WP_012202870.1	WP_089169361.1	61.176	680	245	6	1	677	1	664	0.0	811
WP_012202922.1	WP_039800612.1	63.265	147	54	0	6	152	5	151	9.94e-62	185
WP_012202930.1	WP_089169905.1	69.892	186	56	0	8	193	1	186	1.06e-96	276
WP_012202955.1	WP_089167101.1	55.242	496	212	3	3	494	8	497	0.0	543
WP_012202965.1	WP_039806134.1	57.143	105	44	1	1	105	1	104	1.97e-37	119
WP_012202966.1	WP_039806132.1	68.156	179	57	0	1	179	1	179	9.59e-93	265
WP_012202967.1	WP_039806130.1	53.465	101	47	0	1	101	1	101	1.47e-34	111
WP_012202968.1	WP_039806127.1	66.923	130	42	1	1	130	1	129	8.18e-59	175
WP_012202970.1	WP_039806123.1	57.025	121	47	1	1	121	1	116	2.35e-33	110
WP_012202971.1	WP_089169344.1	60.494	162	64	0	10	171	5	166	9.24e-69	203
WP_012202972.1	WP_039806119.1	55.556	54	24	0	6	59	3	56	1.17e-15	60.8
WP_012202973.1	WP_039806116.1	56.338	142	62	0	1	142	1	142	1.29e-44	140
WP_012202974.1	WP_039806114.1	63.529	425	154	1	10	434	11	434	0.0	568
WP_012202975.1	WP_012699324.1	66.667	114	38	0	1	114	1	114	3.96e-54	162
WP_012202977.1	WP_089169343.1	64.734	207	72	1	1	207	1	206	6.16e-99	283
WP_012202978.1	WP_089169342.1	64.072	334	110	2	1	331	1	327	1.78e-151	426
WP_012202979.1	WP_089169341.1	69.492	118	36	0	1	118	1	118	7.66e-56	167
WP_012202997.1	WP_039806759.1	61.605	349	134	0	13	361	6	354	2.45e-166	467
WP_012202997.1	WP_089168281.1	56.160	349	152	1	10	358	3	350	4.61e-145	413
WP_012203103.1	WP_089167376.1	55.752	226	100	0	1	226	1	226	2.33e-91	265
WP_012203110.1	WP_089169149.1	66.497	197	66	0	10	206	5	201	2.28e-98	281
WP_012203126.1	WP_089170025.1	52.555	137	49	1	1	137	1	121	1.69e-46	144
WP_012203126.1	WP_089167575.1	55.147	136	57	1	6	137	5	140	2.35e-43	137
WP_012203129.1	WP_089168198.1	60.650	277	109	0	6	282	13	289	7.81e-129	365
WP_012203153.1	WP_089168218.1	64.329	328	117	0	1	328	1	328	3.47e-144	407
WP_012203184.1	WP_089167142.1	51.064	141	68	1	1	141	1	140	9.29e-51	155
WP_012203203.1	WP_039803811.1	60.870	161	63	0	3	163	5	165	1.16e-69	206
WP_012203211.1	WP_089167214.1	51.613	62	29	1	15	75	15	76	6.89e-09	52.0
WP_012203251.1	WP_089169579.1	58.947	285	112	2	13	293	12	295	5.24e-115	330
WP_012203267.1	WP_089167092.1	55.259	599	262	3	1	598	1	594	0.0	676
WP_012203267.1	WP_089168199.1	52.261	597	272	7	1	595	1	586	0.0	608
WP_012203296.1	WP_169531370.1	52.486	181	80	1	45	219	40	220	2.71e-62	191
WP_012203332.1	WP_039805078.1	65.462	249	86	0	1	249	1	249	3.98e-106	304
WP_012203336.1	WP_089168436.1	51.172	256	122	3	1	254	1	255	1.19e-75	227
WP_012203389.1	WP_039801840.1	68.571	175	51	1	7	181	2	172	6.51e-82	237
WP_012203392.1	WP_089167427.1	55.521	317	122	9	1	304	1	311	2.21e-100	294
WP_012203397.1	WP_039805583.1	58.163	392	132	5	1	392	1	360	1.22e-146	417
WP_012203404.1	WP_039805576.1	53.922	408	181	3	8	409	9	415	2.94e-149	426
WP_012203406.1	WP_089167438.1	56.209	306	130	1	1	306	1	302	8.79e-119	341
WP_012203410.1	WP_039802876.1	50.658	152	72	1	3	154	4	152	3.30e-38	126
WP_012203412.1	WP_089166719.1	50.183	273	126	6	9	278	2	267	3.38e-73	223
WP_012203417.1	WP_089167399.1	61.297	478	182	2	9	485	3	478	0.0	541
WP_012203418.1	WP_039804545.1	52.235	358	157	5	25	372	3	356	6.45e-127	367
WP_012203424.1	WP_089169305.1	53.896	154	70	1	1	153	1	154	3.65e-39	127
WP_012203425.1	WP_089169306.1	65.919	446	150	1	1	446	1	444	0.0	593
WP_012203425.1	WP_089166782.1	51.011	445	213	4	1	444	1	441	6.91e-144	417
WP_012203425.1	WP_232487241.1	50.600	417	200	5	19	432	2	415	7.96e-129	384
WP_012203430.1	WP_089168554.1	67.062	337	111	0	27	363	82	418	0.0	507
WP_012203439.1	WP_089168948.1	57.849	465	186	3	1	462	1	458	0.0	510
WP_012203445.1	WP_089169161.1	64.027	442	155	3	1	439	1	441	0.0	571
WP_012203464.1	WP_089167288.1	65.940	367	121	3	1	364	1	366	2.07e-177	494
WP_012203501.1	WP_039808301.1	64.035	114	41	0	8	121	8	121	5.26e-53	160
WP_012203510.1	WP_089169561.1	66.559	311	104	0	4	314	7	317	1.80e-155	436
WP_012203587.1	WP_039803477.1	60.302	398	149	4	1	395	1	392	5.28e-175	490
WP_012203589.1	WP_039803479.1	67.376	282	88	1	1	282	1	278	1.39e-142	399
WP_012203603.1	WP_089166681.1	69.318	528	157	5	23	548	6	530	0.0	741
WP_012203707.1	WP_089168447.1	66.509	212	71	0	9	220	5	216	6.78e-72	215
WP_012203749.1	WP_089167242.1	53.612	263	111	5	27	286	4	258	4.38e-86	256
WP_012203771.1	WP_089168601.1	51.515	363	174	1	1	361	1	363	1.91e-136	390
WP_012203831.1	WP_089169029.1	64.286	308	106	1	10	313	3	310	2.38e-141	399
WP_012203952.1	WP_089169585.1	51.515	66	30	2	1	64	1	66	3.60e-17	65.9
WP_012203993.1	WP_089167757.1	51.275	353	171	1	68	419	99	451	1.44e-110	331
WP_012204044.1	WP_089167886.1	50.877	114	55	1	3	116	4	116	1.93e-38	122
WP_012204047.1	WP_089169698.1	55.814	43	19	0	1	43	1	43	1.04e-10	51.6
WP_012204047.1	WP_089167827.1	50.000	44	22	0	1	44	1	44	1.01e-08	45.8
WP_012204077.1	WP_039805950.1	53.925	293	125	3	1	292	1	284	8.69e-98	286
WP_012204101.1	WP_089167478.1	52.333	300	139	2	5	304	4	299	7.96e-114	328
WP_012204108.1	WP_089168764.1	59.184	343	134	4	3	344	2	339	3.77e-137	391
WP_012204137.1	WP_089168737.1	53.623	69	32	0	6	74	14	82	7.23e-22	78.2
WP_012204138.1	WP_089168398.1	51.866	268	123	3	7	272	2	265	3.34e-96	282
WP_012204138.1	WP_089168206.1	50.746	268	126	3	7	272	2	265	4.48e-95	279
WP_012204158.1	WP_089168018.1	53.892	167	77	0	6	172	4	170	4.57e-64	192
WP_012204164.1	WP_089169233.1	54.608	293	118	5	31	316	11	295	4.06e-79	240
WP_012204248.1	WP_089167006.1	50.594	421	204	3	5	421	4	424	1.06e-146	421
WP_012204249.1	WP_089167005.1	66.866	501	161	2	41	541	6	501	0.0	718
WP_012204310.1	WP_039805078.1	65.060	249	87	0	1	249	1	249	7.18e-106	303
WP_012204342.1	WP_089168344.1	64.055	434	148	5	3	436	1	426	0.0	589
WP_012204344.1	WP_039803703.1	63.043	230	82	2	6	233	10	238	2.57e-114	324
WP_012204345.1	WP_039803701.1	52.922	599	269	4	6	601	2	590	0.0	617
WP_012204368.1	WP_198318961.1	57.576	165	70	0	12	176	20	184	5.46e-63	190
WP_012204375.1	WP_089166703.1	57.174	453	177	4	13	462	8	446	0.0	515
WP_012204382.1	WP_089168745.1	50.917	218	107	0	6	223	9	226	2.23e-73	220
WP_012204420.1	WP_089170059.1	52.381	42	20	0	37	78	25	66	8.42e-08	49.7
WP_012204420.1	WP_089167017.1	50.000	42	21	0	37	78	23	64	3.79e-06	44.7
WP_012204428.1	WP_039802657.1	62.821	312	116	0	5	316	4	315	1.35e-140	397
WP_012204430.1	WP_089168679.1	64.286	420	136	3	1	420	1	406	0.0	539
WP_012204485.1	WP_089168853.1	51.667	120	58	0	13	132	7	126	6.06e-48	147
WP_012204531.1	WP_089167973.1	64.578	782	266	5	12	790	5	778	0.0	1037
WP_012204616.1	WP_089167682.1	50.806	248	120	2	3	249	6	252	8.44e-74	222
WP_012204624.1	WP_089167774.1	64.322	199	71	0	12	210	1	199	3.05e-98	281
WP_012204651.1	WP_089168537.1	66.190	210	71	0	18	227	6	215	1.34e-100	288
WP_012204702.1	WP_089167679.1	64.773	264	84	3	1	264	3	257	6.17e-119	338
WP_012204702.1	WP_089168146.1	52.273	264	116	3	1	261	1	257	6.73e-89	261
WP_012204719.1	WP_039805301.1	55.376	186	81	1	1	184	1	186	4.82e-72	213
WP_012204727.1	WP_028237830.1	66.667	90	30	0	1	90	1	90	1.32e-37	118
WP_012204727.1	WP_089170177.1	57.778	90	38	0	1	90	1	90	1.79e-32	105
WP_012204727.1	WP_089170229.1	57.778	90	38	0	1	90	1	90	2.35e-32	105
WP_012204727.1	WP_040107271.1	56.667	90	39	0	1	90	1	90	1.35e-31	103
WP_012204727.1	WP_089169998.1	57.778	90	38	0	1	90	1	90	1.70e-31	103
WP_012204833.1	WP_089167231.1	54.767	493	219	3	1	490	1	492	7.72e-178	506
WP_012204836.1	WP_089167234.1	50.658	304	138	5	10	308	8	304	2.51e-84	254
WP_012204915.1	WP_089168150.1	56.957	230	99	0	5	234	3	232	9.40e-88	256
WP_012204957.1	WP_089169495.1	64.474	152	54	0	8	159	9	160	1.11e-65	195
WP_012204971.1	WP_002553999.1	57.143	70	30	0	1	70	1	70	9.72e-27	90.5
WP_012205010.1	WP_089168446.1	50.955	314	142	3	7	316	46	351	1.98e-96	288
WP_012205011.1	WP_089168447.1	54.460	213	97	0	9	221	4	216	3.55e-54	170
WP_012205139.1	WP_039805267.1	50.382	131	59	2	5	134	4	129	2.91e-43	136
WP_012205218.1	WP_089168971.1	50.000	52	26	0	199	250	839	890	1.01e-08	52.8
WP_012205325.1	WP_089169527.1	67.450	298	92	4	3	298	2	296	5.27e-149	417
WP_012205332.1	WP_039805604.1	51.093	366	162	4	7	356	5	369	1.06e-117	343
WP_012205339.1	WP_039803912.1	65.997	747	241	6	1	741	1	740	0.0	1003
WP_012205353.1	WP_039803344.1	66.667	234	71	3	1	231	1	230	6.14e-111	315
WP_012205357.1	WP_089168748.1	55.417	240	106	1	1	239	1	240	5.27e-93	270
WP_012205358.1	WP_089169311.1	62.850	428	150	5	1	425	1	422	0.0	510
WP_012205399.1	WP_089167512.1	55.814	215	78	3	6	219	3	201	8.32e-75	222
WP_012205401.1	WP_089168925.1	67.742	217	68	1	1	217	1	215	5.26e-107	304
WP_012205403.1	WP_089167535.1	57.895	57	24	0	1	57	1	57	1.33e-20	73.6
WP_012205408.1	WP_039802791.1	68.912	193	59	1	1	193	1	192	3.56e-97	277
WP_012205429.1	WP_089168954.1	54.878	164	72	2	7	170	1	162	6.60e-61	185
WP_012205435.1	WP_039804446.1	64.796	392	138	0	1	392	1	392	0.0	517
WP_012205436.1	WP_082045437.1	65.984	244	82	1	3	245	4	247	2.31e-119	337
WP_012205605.1	WP_089167078.1	55.921	304	134	0	41	344	13	316	1.59e-132	379
WP_012205769.1	WP_039803330.1	56.279	215	91	3	4	215	1	215	6.04e-80	235
WP_012205825.1	WP_039802414.1	59.091	132	51	2	1	131	1	130	2.71e-50	157
WP_012205857.1	WP_039805964.1	51.200	250	113	4	1	247	1	244	2.74e-79	236
WP_012206042.1	WP_089168651.1	52.336	214	102	0	1	214	1	214	3.36e-71	213
WP_012206068.1	WP_089169679.1	56.132	212	88	3	1	211	1	208	1.16e-80	237
WP_012206070.1	WP_089168189.1	50.000	52	26	0	123	174	141	192	2.50e-09	51.6
WP_012206130.1	WP_089169442.1	55.556	117	51	1	3	119	8	123	6.46e-40	127
WP_012206409.1	WP_011913482.1	62.637	91	34	0	12	102	3	93	6.99e-38	120
WP_012206411.1	WP_089167863.1	54.902	357	135	6	1	350	1	338	2.77e-125	360
WP_012206412.1	WP_089167862.1	69.492	118	36	0	1	118	1	118	6.60e-53	159
WP_012206413.1	WP_039804765.1	54.839	62	27	1	1	62	1	61	8.75e-15	59.3
WP_012206435.1	WP_089167718.1	64.435	239	82	1	58	296	8	243	2.85e-98	288
WP_012206441.1	WP_089169437.1	50.000	88	44	0	1	88	1	88	3.01e-28	95.1
WP_012206456.1	WP_039802689.1	66.972	109	34	1	1	109	1	107	5.75e-50	151
WP_012206460.1	WP_002553999.1	60.000	70	28	0	1	70	1	70	3.96e-29	96.3
WP_012206516.1	WP_089167616.1	59.483	232	92	2	8	239	3	232	1.14e-99	287
WP_012206519.1	WP_039805185.1	53.678	367	159	4	3	368	4	360	2.25e-140	400
WP_012206523.1	WP_089167623.1	61.649	558	213	1	1	558	1	557	0.0	734
WP_012206529.1	WP_039803610.1	57.895	114	35	2	1	111	1	104	7.68e-36	116
WP_012206580.1	WP_039805567.1	50.932	161	77	2	1	161	1	159	7.72e-48	149
WP_012206642.1	WP_039806192.1	65.337	326	92	3	1	324	1	307	3.85e-133	378
WP_012206663.1	WP_089167256.1	51.550	258	112	3	2	256	22	269	1.84e-81	243
WP_012206665.1	WP_039802115.1	62.577	163	61	0	1	163	1	163	1.63e-75	220
WP_012206673.1	WP_012703245.1	67.857	112	36	0	1	112	1	112	6.01e-53	159
WP_012206678.1	WP_039805937.1	53.448	174	81	0	1	174	1	174	1.87e-67	200
WP_012206701.1	WP_089167762.1	63.551	107	38	1	4	110	3	108	9.20e-44	135
WP_012206704.1	WP_039806448.1	66.355	107	36	0	3	109	2	108	1.24e-52	158
WP_012206705.1	WP_089169454.1	66.746	418	139	0	1	418	1	418	0.0	575
WP_012206712.1	WP_089166911.1	51.786	224	107	1	7	229	6	229	9.39e-81	238
WP_012206714.1	WP_089166906.1	62.348	247	93	0	14	260	31	277	1.88e-114	327
WP_012206729.1	WP_039802052.1	53.797	158	73	0	1	158	1	158	2.67e-58	176
WP_012206736.1	WP_039807552.1	54.110	146	66	1	1	145	1	146	2.64e-55	167
WP_012206744.1	WP_039802636.1	54.891	184	83	0	3	186	2	185	1.25e-67	202
WP_012206745.1	WP_089168898.1	58.403	238	99	0	1	238	5	242	4.07e-100	288
WP_012206747.1	WP_089168899.1	59.259	243	88	2	3	244	4	236	8.53e-109	311
WP_012206773.1	WP_039803849.1	52.439	164	75	2	5	167	5	166	7.01e-54	166
WP_012206801.1	WP_089167097.1	66.091	463	157	0	9	471	5	467	0.0	653
WP_012206864.1	WP_039804518.1	51.711	263	123	3	5	265	4	264	1.65e-95	279
WP_012206871.1	WP_039801745.1	68.449	187	59	0	1	187	1	187	8.11e-101	286
WP_012206872.1	WP_089167480.1	62.179	156	59	0	1	156	1	156	1.73e-65	194
WP_012206878.1	WP_089168830.1	65.756	476	149	5	4	479	6	467	0.0	626
WP_012206888.1	WP_089168734.1	59.107	291	118	1	8	298	2	291	2.15e-118	339
WP_012206904.1	WP_089168889.1	61.706	551	201	6	1	550	1	542	0.0	699
WP_012206907.1	WP_089168887.1	64.953	428	145	2	1	424	1	427	0.0	555
WP_012206907.1	WP_089168062.1	64.439	419	143	3	4	418	8	424	0.0	523
WP_012206916.1	WP_089168943.1	55.822	292	126	2	37	327	9	298	6.17e-101	296
WP_012206978.1	WP_039803889.1	56.338	142	61	1	9	150	40	180	2.70e-57	176
WP_012206980.1	WP_089167229.1	50.667	75	37	0	6	80	6	80	1.18e-22	83.6
WP_012206984.1	WP_039802075.1	64.634	82	29	0	7	88	8	89	1.34e-35	113
WP_012207018.1	WP_089168941.1	60.134	449	164	4	1	449	1	434	0.0	514
WP_012207024.1	WP_089169249.1	52.586	464	215	3	14	476	4	463	1.65e-173	493
WP_012207026.1	WP_012699436.1	67.213	61	20	0	31	91	14	74	1.35e-27	93.2
WP_012207028.1	WP_039805963.1	58.095	105	44	0	1	105	1	105	7.96e-44	137
WP_012207036.1	WP_039803094.1	67.619	210	68	0	1	210	1	210	2.46e-107	305
WP_012207044.1	WP_089168663.1	59.375	288	113	2	2	288	3	287	1.75e-128	365
WP_012207060.1	WP_089167468.1	50.242	207	103	0	6	212	6	212	6.93e-58	180
WP_012207072.1	WP_007160601.1	61.017	59	23	0	1	59	1	59	1.22e-23	81.3
WP_012207076.1	WP_089167540.1	52.055	292	130	4	46	330	18	306	7.29e-94	280
WP_012207114.1	WP_089169470.1	62.473	469	164	2	19	487	8	464	0.0	598
WP_012207143.1	WP_089168947.1	51.807	83	40	0	1	83	1	83	4.95e-26	89.0
WP_012207157.1	WP_039803924.1	60.185	432	164	4	3	428	2	431	3.97e-169	479
WP_012207161.1	WP_089168233.1	59.818	550	213	4	241	783	405	953	0.0	621
WP_012207164.1	WP_014854577.1	64.000	50	18	0	7	56	2	51	1.51e-19	70.5
WP_012207170.1	WP_089168765.1	55.789	190	79	1	3	192	6	190	1.50e-69	208
WP_012207210.1	WP_089167608.1	50.490	204	97	1	1	204	1	200	5.28e-69	207
WP_012207231.1	WP_089169790.1	67.097	310	101	1	8	317	4	312	1.30e-160	447
WP_012207234.1	WP_039801425.1	67.470	83	27	0	1	83	1	83	2.57e-37	117
WP_012207234.1	WP_039806982.1	51.786	56	27	0	1	56	1	56	8.87e-17	65.9
WP_012207234.1	WP_039805787.1	52.632	57	27	0	8	64	9	65	4.72e-14	58.5
WP_012207259.1	WP_089167121.1	60.905	243	92	2	3	242	13	255	7.37e-107	306
WP_012207274.1	WP_089167291.1	57.542	358	150	1	1	356	1	358	2.05e-146	415
WP_012207281.1	WP_089169923.1	57.412	371	151	1	9	379	8	371	2.91e-143	409
WP_012207283.1	WP_039802346.1	65.882	85	29	0	1	85	1	85	6.60e-35	111
WP_012207284.1	WP_039802344.1	58.252	103	43	0	1	103	1	103	2.56e-39	124
WP_012207293.1	WP_089167592.1	53.030	264	118	3	35	294	27	288	1.62e-93	276
WP_012207316.1	WP_089169431.1	55.918	245	107	1	1	245	1	244	1.64e-90	264
WP_012207324.1	WP_089167416.1	55.502	209	88	1	3	211	2	205	8.85e-77	227
WP_012207361.1	WP_089168856.1	67.332	401	129	2	4	403	2	401	0.0	523
WP_012207397.1	WP_089166781.1	50.209	478	232	3	4	480	6	478	9.53e-160	459
WP_012207419.1	WP_039804234.1	54.487	156	66	2	1	156	1	151	5.13e-59	177
WP_012207457.1	WP_089167450.1	63.542	96	34	1	1	95	1	96	9.17e-38	119
WP_012207461.1	WP_089167587.1	51.562	64	31	0	14	77	8	71	2.45e-10	57.4
WP_012207702.1	WP_089167059.1	53.015	398	179	5	15	409	4	396	2.22e-150	429
WP_012207705.1	WP_089169236.1	57.882	425	178	1	4	427	2	426	6.04e-165	468
WP_012207710.1	WP_039805601.1	60.769	130	51	0	1	130	1	130	2.50e-56	169
WP_012207711.1	WP_039805602.1	61.972	142	54	0	1	142	1	142	2.10e-65	192
WP_012207748.1	WP_040107304.1	54.359	390	177	1	1	390	1	389	1.17e-119	350
WP_012207754.1	WP_089168713.1	66.788	548	161	4	30	577	25	551	0.0	682
WP_012207754.1	WP_089168197.1	58.288	549	207	5	31	577	26	554	0.0	592
WP_012207797.1	WP_039805917.1	61.995	421	156	1	5	425	4	420	1.04e-174	492
WP_012207827.1	WP_089167127.1	56.220	418	176	2	14	425	2	418	1.87e-162	474
WP_012207854.1	WP_089169743.1	50.000	72	36	0	2	73	1	72	1.74e-22	80.5
WP_013799932.1	WP_039801775.1	52.419	124	56	2	5	127	7	128	5.10e-48	148
WP_013799958.1	WP_039804647.1	53.731	201	93	0	1	201	1	201	4.13e-72	214
WP_013799980.1	WP_089167443.1	50.802	187	84	2	1	179	1	187	7.18e-56	172
WP_013800045.1	WP_089168138.1	62.041	490	185	1	15	503	3	492	0.0	572
WP_013800120.1	WP_039803336.1	50.862	116	52	3	4	118	3	114	1.44e-36	117
WP_013800122.1	WP_089169139.1	65.641	195	65	2	14	208	14	206	2.41e-81	238
WP_013800211.1	WP_039806801.1	57.209	215	84	4	16	229	6	213	2.83e-69	209
WP_013800248.1	WP_039806162.1	68.195	698	219	3	1	697	1	696	0.0	982
WP_013800257.1	WP_089169192.1	63.580	324	114	3	2	324	3	323	2.11e-153	430
WP_013800271.1	WP_089169352.1	64.502	231	82	0	1	231	1	231	7.71e-101	289
WP_013800273.1	WP_089169349.1	67.926	1403	440	7	1	1398	1	1398	0.0	1944
WP_013800362.1	WP_089167993.1	61.923	260	99	0	1	260	1	260	1.05e-115	329
WP_013800375.1	WP_232487264.1	50.741	270	125	3	28	293	6	271	1.29e-89	265
WP_013800377.1	WP_089168026.1	58.127	363	129	2	4	366	5	344	1.38e-147	419
WP_013800383.1	WP_089169272.1	63.265	392	143	1	2	392	3	394	5.04e-175	491
WP_013800445.1	WP_089169548.1	51.181	508	177	11	1	476	1	469	2.37e-150	434
WP_013800450.1	WP_089167068.1	53.201	453	210	2	19	471	14	464	5.92e-131	385
WP_013800567.1	WP_089169823.1	63.574	291	103	1	3	290	11	301	3.67e-133	377
WP_013800567.1	WP_039802412.1	52.761	163	68	2	123	285	5	158	5.23e-47	155
WP_013800639.1	WP_089169032.1	59.355	155	52	2	6	160	7	150	4.26e-62	185
WP_013800662.1	WP_039801337.1	58.858	508	199	3	10	516	5	503	0.0	581
WP_013800725.1	WP_089168447.1	58.879	214	88	0	4	217	3	216	4.26e-59	182
WP_013800726.1	WP_039804540.1	50.000	306	152	1	1	306	1	305	4.65e-110	320
WP_013800756.1	WP_089169274.1	62.598	254	93	1	75	326	83	336	3.17e-112	326
WP_013800780.1	WP_089169092.1	50.000	64	28	2	1	62	1	62	5.44e-11	50.1
WP_013800785.1	WP_089167118.1	62.205	127	45	1	5	131	3	126	5.25e-60	178
WP_013800800.1	WP_089167417.1	66.279	430	142	1	9	438	9	435	0.0	574
WP_013800805.1	WP_039805611.1	54.103	329	145	2	55	377	51	379	3.72e-113	332
WP_013800811.1	WP_089167422.1	60.619	452	127	3	16	467	2	402	1.10e-177	501
WP_013800813.1	WP_089167439.1	57.713	927	367	6	1	915	1	914	0.0	1065
WP_013800814.1	WP_089167440.1	55.860	401	168	3	13	410	11	405	4.96e-149	426
WP_013800840.1	WP_089167119.1	57.644	399	165	2	46	444	53	447	2.04e-166	479
WP_013800885.1	WP_089167528.1	61.187	219	85	0	19	237	11	229	2.71e-87	255
WP_013800893.1	WP_040107305.1	68.421	266	79	3	1	265	1	262	4.34e-125	353
WP_013800910.1	WP_039805489.1	67.742	62	20	0	14	75	5	66	4.39e-27	91.7
WP_013800918.1	WP_089168027.1	50.836	299	147	0	208	506	222	520	3.22e-76	247
WP_013800918.1	WP_089168028.1	51.825	274	132	0	208	481	222	495	9.81e-76	246
WP_013800918.1	WP_089169685.1	50.502	299	148	0	208	506	222	520	1.42e-75	245
WP_013800980.1	WP_089169045.1	53.876	258	114	3	1	257	1	254	6.96e-92	269
WP_013800993.1	WP_089167545.1	59.917	242	94	2	9	248	6	246	1.24e-93	272
WP_013800994.1	WP_089167546.1	60.577	416	158	2	1	414	1	412	9.75e-180	504
WP_013801009.1	WP_089168933.1	56.530	513	187	6	16	518	13	499	0.0	555
WP_013801017.1	WP_089168668.1	67.671	365	116	2	6	368	4	368	0.0	508
WP_013801020.1	WP_089167220.1	56.579	380	156	4	1	379	1	372	6.34e-148	421
WP_013801023.1	WP_039805961.1	53.793	145	67	0	1	145	1	145	4.83e-47	147
WP_013801026.1	WP_089168736.1	53.741	147	68	0	1	147	1	147	5.97e-60	180
WP_013801028.1	WP_039805269.1	60.599	401	158	0	4	404	3	403	0.0	525
WP_013801140.1	WP_089169246.1	55.738	183	76	2	11	193	3	180	9.50e-68	203
WP_013801152.1	WP_089166996.1	53.175	630	260	6	205	811	1	618	0.0	617
WP_013801455.1	WP_039802649.1	51.351	259	122	1	7	265	4	258	4.46e-89	262
WP_013801482.1	WP_089168329.1	59.028	144	57	1	2	145	3	144	2.44e-61	183
WP_013801567.1	WP_089168698.1	50.986	355	163	8	7	357	11	358	2.70e-119	346
WP_013801588.1	WP_089168661.1	56.313	396	166	3	8	403	15	403	1.41e-143	411
WP_013801615.1	WP_089169109.1	58.228	474	191	1	1	474	1	467	0.0	533
WP_013801626.1	WP_012700218.1	56.044	91	40	0	1	91	1	91	5.69e-35	113
WP_013801637.1	WP_039801577.1	59.804	102	39	2	4	104	1	101	8.26e-34	110
WP_013801660.1	WP_089167712.1	54.969	322	143	1	16	337	10	329	4.48e-132	377
WP_013801696.1	WP_039803535.1	61.811	254	97	0	28	281	3	256	5.25e-103	299
WP_013801914.1	WP_089167505.1	66.067	389	132	0	1	389	1	389	0.0	532
WP_013801992.1	WP_089169533.1	55.856	444	191	2	6	447	8	448	3.06e-163	465
WP_013801992.1	WP_089167705.1	52.608	441	198	1	6	446	4	433	2.12e-155	445
WP_013801992.1	WP_089168181.1	54.222	225	103	0	151	375	26	250	2.25e-70	224
WP_013802156.1	WP_039805648.1	51.149	174	80	3	7	178	15	185	3.82e-53	164
WP_013802173.1	WP_089168601.1	61.538	39	15	0	36	74	99	137	1.16e-07	49.3
WP_013802182.1	WP_089167946.1	61.751	217	83	0	13	229	9	225	1.86e-83	245
WP_013802186.1	WP_089168307.1	56.693	127	51	1	1	127	1	123	3.22e-47	145
WP_013802212.1	WP_089168996.1	57.143	112	48	0	1	112	1	112	8.06e-48	146
WP_013802216.1	WP_089168635.1	55.294	340	147	2	6	345	2	336	4.84e-130	372
WP_013802222.1	WP_089169784.1	61.894	887	328	6	17	903	4	880	0.0	1137
WP_013802235.1	WP_198318981.1	56.733	453	187	5	5	453	12	459	6.48e-179	506
WP_013802520.1	WP_089168235.1	64.393	733	258	2	1	733	1	730	0.0	979
WP_013802635.1	WP_089167396.1	52.621	496	223	3	1	495	1	485	2.33e-172	491
WP_013802659.1	WP_089168342.1	57.757	419	159	4	4	421	3	404	1.18e-151	432
WP_013802696.1	WP_089168742.1	54.902	102	45	1	76	177	78	178	2.81e-31	108
WP_013802816.1	WP_131255637.1	60.773	362	142	0	6	367	3	364	6.31e-167	468
WP_013803023.1	WP_039802489.1	69.654	491	142	3	1	489	2	487	0.0	642
WP_013803027.1	WP_039802028.1	56.129	155	67	1	1	154	1	155	5.03e-59	177
WP_013803046.1	WP_039803724.1	59.664	357	129	4	1	342	1	357	4.86e-150	424
WP_013803101.1	WP_039802317.1	69.620	553	167	1	1	552	1	553	0.0	783
WP_013803127.1	WP_089168938.1	52.764	398	186	2	9	404	2	399	1.11e-149	427
WP_013803157.1	WP_089168882.1	58.065	155	65	0	3	157	1	155	1.51e-61	184
WP_013803188.1	WP_039803259.1	64.115	209	75	0	1	209	1	209	8.56e-96	275
WP_013803242.1	WP_039805827.1	64.935	154	54	0	1	154	1	154	3.15e-71	208
WP_013803247.1	WP_089168685.1	50.612	654	304	12	18	666	6	645	0.0	619
WP_013803247.1	WP_089167238.1	50.237	633	298	11	35	664	22	640	0.0	593
WP_013803259.1	WP_089168703.1	60.832	457	179	0	4	460	2	458	0.0	543
WP_013803373.1	WP_089167970.1	59.355	465	177	4	1	458	1	460	0.0	540
WP_013803375.1	WP_089167968.1	58.282	163	66	1	35	195	2	164	4.87e-65	195
WP_013803375.1	WP_039803233.1	54.348	184	83	1	11	194	2	184	6.77e-62	187
WP_013803397.1	WP_198319058.1	68.486	403	124	1	50	452	11	410	2.25e-178	503
WP_013803408.1	WP_089169319.1	50.272	368	168	5	10	373	3	359	5.78e-125	361
WP_013803463.1	WP_089167935.1	60.650	277	109	0	6	282	4	280	6.42e-109	316
WP_013803477.1	WP_089167953.1	50.206	243	110	5	19	260	7	239	1.96e-74	224
WP_013803479.1	WP_089166760.1	67.702	161	52	0	1	161	1	161	3.13e-81	234
WP_013803521.1	WP_039802412.1	52.434	267	104	5	1	266	1	245	3.30e-83	247
WP_013803521.1	WP_089166749.1	51.872	187	84	2	1	182	3	188	2.28e-61	192
WP_013803524.1	WP_039806162.1	66.097	702	233	4	1	699	1	700	0.0	950
WP_013803628.1	WP_089169468.1	56.766	303	125	3	7	307	1	299	2.76e-104	304
WP_013803646.1	WP_089166768.1	58.680	409	165	2	8	415	2	407	5.44e-163	461
WP_013803930.1	WP_039805743.1	55.319	47	21	0	1	47	1	47	1.94e-11	49.7
WP_013804030.1	WP_039806737.1	50.862	116	57	0	5	120	3	118	7.46e-41	129
WP_013804032.1	WP_089169159.1	55.294	425	184	2	9	432	7	426	1.07e-169	480
WP_013804075.1	WP_089169622.1	63.948	233	84	0	21	253	19	251	5.46e-111	317
WP_013804091.1	WP_089167365.1	55.429	175	74	2	21	192	8	181	9.01e-64	193
WP_013804117.1	WP_089169474.1	53.169	284	123	3	1	282	1	276	4.07e-83	248
WP_013804126.1	WP_089168518.1	53.247	308	129	7	3	298	6	310	4.89e-83	250
WP_013804154.1	WP_039805273.1	52.218	293	126	6	1	286	1	286	6.09e-95	279
WP_013804314.1	WP_089167887.1	56.364	55	24	0	148	202	129	183	5.30e-12	59.3
WP_013804342.1	WP_089167914.1	51.299	154	75	0	8	161	16	169	2.79e-50	156
WP_013804444.1	WP_039806125.1	56.497	177	77	0	1	177	1	177	2.40e-69	205
WP_013804566.1	WP_089167591.1	60.811	148	58	0	19	166	10	157	1.06e-65	195
WP_013804566.1	WP_089167318.1	54.140	157	68	2	12	166	5	159	1.78e-57	174
WP_013804635.1	WP_089168971.1	56.452	62	27	0	165	226	838	899	6.54e-13	64.3
WP_013804678.1	WP_089169715.1	55.556	252	111	1	3	254	9	259	1.51e-98	286
WP_013804687.1	WP_089167019.1	58.167	502	192	7	2	497	1	490	0.0	567
WP_016446257.1	WP_089169680.1	59.825	229	90	2	1	229	4	230	5.52e-93	270
WP_016447123.1	WP_089166746.1	50.806	124	57	2	3	125	4	124	1.42e-38	129
WP_016447469.1	WP_089167226.1	62.998	627	214	7	9	630	5	618	0.0	777
WP_016447475.1	WP_089167222.1	66.579	380	118	4	12	388	5	378	0.0	521
WP_016448316.1	WP_169531319.1	57.233	159	68	0	2	160	25	183	4.58e-62	187
WP_016448704.1	WP_052264017.1	68.493	219	69	0	2	220	14	232	3.85e-109	311
WP_016449664.1	WP_089168998.1	53.101	258	118	2	5	259	1	258	2.03e-92	272
WP_016449906.1	WP_089168549.1	54.327	416	190	0	10	425	2	417	3.74e-162	462
WP_016449906.1	WP_232487306.1	57.778	405	170	1	18	421	8	412	1.32e-154	442
WP_016450923.1	WP_089168430.1	64.800	250	88	0	24	273	14	263	2.04e-104	301
WP_016450923.1	WP_089167907.1	50.207	241	117	2	27	265	7	246	1.93e-75	228
WP_016450923.1	WP_089167718.1	50.220	227	106	2	41	267	23	242	8.79e-64	198
WP_016450993.1	WP_089169430.1	64.015	264	85	1	2	265	3	256	2.25e-119	339
WP_016451185.1	WP_089168951.1	63.433	402	132	5	1	400	1	389	2.91e-166	469
WP_017404385.1	WP_089167498.1	60.663	483	189	1	1	483	1	482	0.0	563
WP_017404718.1	WP_089169393.1	61.157	242	93	1	2	243	3	243	3.10e-103	296
WP_017404718.1	WP_089167023.1	56.897	232	100	0	12	243	7	238	1.18e-93	272
WP_017405644.1	WP_089168692.1	65.289	121	42	0	12	132	14	134	1.75e-48	149
WP_017405949.1	WP_039803861.1	54.015	137	63	0	6	142	2	138	9.21e-42	133
WP_017407070.1	WP_089168774.1	64.865	296	100	1	4	299	5	296	1.46e-142	400
WP_026062687.1	WP_089170125.1	56.000	300	130	2	1	298	1	300	6.92e-108	313
WP_026062883.1	WP_089167676.1	50.485	206	101	1	8	213	4	208	2.77e-70	211
WP_034364424.1	WP_089168962.1	68.037	535	152	4	5	538	10	526	0.0	717
WP_034389503.1	WP_089167074.1	66.758	728	234	4	1	728	1	720	0.0	990
WP_034389567.1	WP_089169911.1	51.825	137	66	0	23	159	23	159	6.74e-35	117
WP_034389598.1	WP_089167587.1	50.000	60	30	0	10	69	8	67	9.10e-09	52.4
WP_034389611.1	WP_089169685.1	50.704	355	160	5	216	565	222	566	2.26e-84	270
WP_034389611.1	WP_089169837.1	50.000	308	154	0	206	513	219	526	3.11e-82	265
WP_034389614.1	WP_089168029.1	50.255	392	175	5	194	584	203	575	2.20e-96	303
WP_034389614.1	WP_089169685.1	56.402	328	137	4	234	560	234	556	3.87e-93	294
WP_034389614.1	WP_089168027.1	52.841	352	145	5	234	584	234	565	1.65e-92	292
WP_034389614.1	WP_089168028.1	52.273	352	157	3	234	584	234	575	4.92e-91	289
WP_034389634.1	WP_039807160.1	57.742	310	126	2	180	484	3	312	1.97e-115	340
WP_034389638.1	WP_039805063.1	60.811	370	145	0	4	373	6	375	1.68e-164	462
WP_034389640.1	WP_089167658.1	66.191	911	304	2	7	917	9	915	0.0	1161
WP_034389655.1	WP_089167457.1	54.884	215	87	4	30	242	14	220	1.10e-69	211
WP_034389690.1	WP_089166836.1	62.750	400	143	3	1	400	1	394	1.20e-149	426
WP_034389700.1	WP_089168237.1	56.131	367	151	3	5	371	8	364	2.76e-143	408
WP_034389724.1	WP_089169340.1	63.627	987	309	7	36	1021	3	940	0.0	1272
WP_034389736.1	WP_039800791.1	52.941	306	132	2	1	306	5	298	1.11e-93	278
WP_034389761.1	WP_089167398.1	50.183	273	127	3	1	269	1	268	1.30e-79	239
WP_034389767.1	WP_089168238.1	62.391	460	168	2	1	459	1	456	0.0	588
WP_034389781.1	WP_089169042.1	59.740	154	61	1	4	157	2	154	6.52e-57	172
WP_034389820.1	WP_089167336.1	61.836	414	148	4	1	413	1	405	5.45e-173	487
WP_034389839.1	WP_089167003.1	56.738	282	117	3	7	284	5	285	7.02e-114	327
WP_034389839.1	WP_089166771.1	56.338	284	120	2	6	286	4	286	1.23e-112	324
WP_034389857.1	WP_039806207.1	68.644	354	111	0	1	354	1	354	0.0	523
WP_034389869.1	WP_089169870.1	51.159	561	266	5	1	559	1	555	0.0	547
WP_034389911.1	WP_089170134.1	65.894	302	103	0	1	302	1	302	2.41e-133	378
WP_034389917.1	WP_089168732.1	60.811	296	107	2	10	305	1	287	6.28e-133	376
WP_034389929.1	WP_089169003.1	55.000	360	139	5	10	366	3	342	3.93e-130	374
WP_034389932.1	WP_089166917.1	51.502	699	308	9	44	735	8	682	0.0	589
WP_034389966.1	WP_089167381.1	50.622	241	110	2	317	551	18	255	1.25e-69	224
WP_034389991.1	WP_089168724.1	56.881	109	46	1	31	139	121	228	4.90e-36	121
WP_034389991.1	WP_089169033.1	51.887	106	49	2	33	138	101	204	9.99e-30	103
WP_034389993.1	WP_089169642.1	63.878	526	173	5	1	522	1	513	0.0	546
WP_034389993.1	WP_089167245.1	52.590	251	119	0	171	421	121	371	1.98e-78	251
WP_034389993.1	WP_089169636.1	50.870	230	112	1	192	421	211	439	1.82e-71	234
WP_034389993.1	WP_089168181.1	51.556	225	109	0	197	421	26	250	1.23e-67	219
WP_034389993.1	WP_039806371.1	52.586	232	109	1	192	422	168	399	5.53e-63	211
WP_034389993.1	WP_089167681.1	50.704	213	99	3	210	421	176	383	1.14e-55	191
WP_034390005.1	WP_089169186.1	60.870	1058	396	4	1	1043	1	1055	0.0	1233
WP_034390114.1	WP_089168607.1	54.518	653	263	5	3	650	7	630	0.0	721
WP_034390130.1	WP_089166911.1	52.703	74	35	0	64	137	48	121	3.92e-16	73.2
WP_034390131.1	WP_089167076.1	55.224	335	135	5	18	352	2	321	1.16e-114	333
WP_034390132.1	WP_169531190.1	60.294	136	54	0	14	149	10	145	4.59e-53	162
WP_034390145.1	WP_089167112.1	52.703	148	65	1	1	148	1	143	5.45e-45	142
WP_034390158.1	WP_039805871.1	56.311	309	127	3	4	306	9	315	2.00e-117	339
WP_034390160.1	WP_089168746.1	69.970	333	99	1	20	352	3	334	1.20e-168	471
WP_034390187.1	WP_089167382.1	50.391	256	126	1	16	271	3	257	5.57e-79	249
WP_034390192.1	WP_089168547.1	64.093	259	93	0	45	303	8	266	5.93e-126	359
WP_034390204.1	WP_089167004.1	53.494	415	183	3	4	416	1	407	7.64e-144	413
WP_034390215.1	WP_089167376.1	51.770	226	109	0	1	226	1	226	5.81e-86	251
WP_034390230.1	WP_089168292.1	65.594	404	138	1	4	406	2	405	0.0	562
WP_034390233.1	WP_089167630.1	64.244	344	121	2	2	343	5	348	7.18e-158	444
WP_034390238.1	WP_089167638.1	66.782	289	96	0	6	294	2	290	3.12e-150	419
WP_034390240.1	WP_089167639.1	56.805	169	71	2	1	169	1	167	8.47e-66	197
WP_034390259.1	WP_089167875.1	53.125	128	59	1	20	146	45	172	5.99e-37	122
WP_034390268.1	WP_089169408.1	51.036	386	180	5	179	561	122	501	9.36e-132	391
WP_034390331.1	WP_089168610.1	58.464	573	232	2	29	601	29	595	0.0	641
WP_034390403.1	WP_089167482.1	62.391	343	128	1	5	346	2	344	3.10e-154	434
WP_034390428.1	WP_089167503.1	70.000	310	92	1	1	310	1	309	1.19e-149	419
WP_034390428.1	WP_089167653.1	66.774	310	102	1	1	310	1	309	4.83e-136	385
WP_034390494.1	WP_089167435.1	57.489	454	189	2	9	462	22	471	0.0	536
WP_034390496.1	WP_089167436.1	50.000	304	147	2	11	314	12	310	1.03e-96	286
WP_034390517.1	WP_089168553.1	64.700	949	307	9	32	973	33	960	0.0	1243
WP_034390522.1	WP_089167681.1	55.696	237	98	4	161	396	158	388	5.46e-73	236
WP_034390545.1	WP_089169621.1	58.840	362	146	3	16	375	19	379	2.06e-132	381
WP_034390562.1	WP_089169085.1	62.791	258	95	1	1	258	1	257	2.14e-114	326
WP_034390592.1	WP_089169974.1	62.041	627	221	5	4	630	2	611	0.0	811
WP_034390600.1	WP_089169309.1	60.312	320	124	1	6	325	4	320	2.66e-132	378
WP_034390602.1	WP_089169310.1	58.769	536	202	7	3	532	13	535	0.0	607
WP_034390633.1	WP_089168757.1	51.304	115	56	0	8	122	2	116	4.06e-37	119
WP_034390638.1	WP_089168651.1	53.571	224	99	1	1	224	1	219	2.03e-78	232
WP_034390644.1	WP_089168029.1	54.179	347	147	3	186	530	194	530	4.64e-93	292
WP_034390644.1	WP_089168028.1	56.962	316	127	1	215	530	224	530	4.49e-91	287
WP_034390644.1	WP_089168027.1	59.722	288	116	0	227	514	236	523	2.53e-90	285
WP_034390644.1	WP_089169685.1	54.037	322	133	2	227	533	236	557	4.23e-90	285
WP_034390644.1	WP_089169837.1	50.156	321	159	1	195	515	212	531	6.36e-88	279
WP_034390663.1	WP_039806378.1	63.399	153	52	2	1	152	1	150	1.78e-70	207
WP_034390693.1	WP_089168685.1	52.607	652	290	14	6	652	4	641	0.0	622
WP_034390693.1	WP_089167238.1	52.139	631	281	13	27	652	24	638	0.0	602
WP_034390708.1	WP_089169108.1	52.685	298	139	1	3	298	1	298	2.81e-113	327
WP_034390709.1	WP_089167716.1	67.816	348	112	0	8	355	2	349	1.67e-160	452
WP_034390712.1	WP_089168181.1	51.497	334	149	2	47	376	22	346	5.58e-111	327
WP_034390714.1	WP_089168182.1	64.323	384	136	1	11	393	12	395	1.04e-173	487
WP_034390719.1	WP_089168444.1	59.071	452	181	3	4	453	2	451	0.0	559
WP_034390721.1	WP_089168442.1	54.229	402	177	4	29	429	28	423	2.87e-148	425
WP_034390721.1	WP_089168443.1	51.151	391	184	3	36	426	15	398	3.37e-116	343
WP_034390723.1	WP_089168446.1	59.827	346	137	1	45	390	39	382	4.41e-134	386
WP_034390727.1	WP_089168445.1	52.747	273	117	6	3	270	7	272	9.48e-80	239
WP_034390737.1	WP_089168619.1	56.710	231	99	1	12	241	5	235	1.94e-85	257
WP_034390739.1	WP_232487146.1	57.831	249	87	4	9	251	29	265	3.51e-96	280
WP_034390758.1	WP_089169428.1	52.381	84	38	2	1	83	1	83	1.06e-20	75.5
WP_034390767.1	WP_089169439.1	55.072	69	28	1	1	69	1	66	8.36e-25	84.7
WP_034390785.1	WP_089169554.1	52.752	436	194	4	8	431	10	445	1.73e-145	420
WP_034390789.1	WP_039807988.1	54.643	280	112	3	14	292	4	269	1.32e-90	268
WP_034390796.1	WP_089168602.1	52.143	700	299	15	3	688	4	681	0.0	687
WP_034390845.1	WP_089167914.1	50.000	164	82	0	1	164	7	170	1.22e-50	157
WP_034390847.1	WP_089169576.1	53.540	226	103	1	1	226	1	224	9.01e-76	225
WP_034390852.1	WP_089168232.1	62.989	435	144	6	1	432	1	421	0.0	545
WP_034390902.1	WP_089168012.1	51.351	37	18	0	76	112	72	108	2.38e-09	48.1
WP_034390940.1	WP_039807160.1	58.416	303	119	3	17	314	4	304	3.25e-107	313
WP_034390960.1	WP_089167537.1	51.351	148	69	2	1	147	5	150	1.21e-40	130
WP_034390967.1	WP_089166720.1	52.308	325	153	2	1	323	1	325	1.94e-107	313
WP_034390981.1	WP_089167911.1	53.360	253	117	1	32	283	24	276	2.52e-76	231
WP_034390987.1	WP_089169570.1	53.141	382	168	5	35	412	23	397	3.63e-127	370
WP_034390992.1	WP_089167585.1	61.839	435	166	0	3	437	7	441	0.0	561
WP_034390993.1	WP_089167679.1	58.527	258	101	3	14	271	5	256	4.35e-94	275
WP_034390997.1	WP_039804545.1	52.035	344	163	2	22	363	6	349	3.34e-118	344
WP_034391023.1	WP_039807838.1	58.763	194	80	0	7	200	12	205	6.80e-79	231
WP_034391028.1	WP_089167681.1	51.438	313	141	4	143	447	156	465	6.85e-85	265
WP_034391028.1	WP_089168181.1	53.913	230	95	2	163	385	39	264	6.74e-78	244
WP_034391088.1	WP_089167127.1	57.673	404	170	1	12	415	4	406	6.44e-157	459
WP_034391096.1	WP_039804688.1	54.662	311	131	4	6	315	2	303	6.17e-123	352
WP_034391139.1	WP_089167893.1	62.379	311	117	0	16	326	5	315	1.17e-140	398
WP_034391148.1	WP_089168738.1	67.308	312	102	0	44	355	34	345	4.91e-149	422
WP_034391204.1	WP_089167243.1	54.962	131	57	2	14	142	4	134	4.99e-30	105
WP_034391221.1	WP_089166982.1	59.845	386	153	1	16	399	2	387	4.66e-143	410
WP_034391238.1	WP_089167342.1	53.036	988	388	14	13	970	1	942	0.0	1037
WP_034391284.1	WP_089169234.1	61.338	613	233	2	8	620	17	625	0.0	763
WP_034391316.1	WP_089168273.1	66.570	1038	334	4	1	1037	1	1026	0.0	1241
WP_034391318.1	WP_089168272.1	54.449	1034	457	6	6	1036	2	1024	0.0	1042
WP_034391318.1	WP_089168273.1	50.097	1032	501	6	6	1033	2	1023	0.0	860
WP_034391335.1	WP_089168268.1	55.797	276	120	2	1	275	1	275	8.73e-104	300
WP_034391406.1	WP_089167021.1	60.317	252	95	3	1	252	3	249	3.76e-98	285
WP_034391408.1	WP_089166884.1	53.239	494	218	3	3	496	1	481	0.0	525
WP_034391439.1	WP_089167954.1	54.555	933	380	11	2	933	6	895	0.0	959
WP_034391441.1	WP_089168029.1	50.313	320	158	1	203	521	204	523	6.28e-78	254
WP_034391441.1	WP_089168027.1	50.165	303	151	0	219	521	221	523	1.23e-75	248
WP_034391450.1	WP_089167960.1	53.003	383	179	1	45	426	14	396	4.33e-152	434
WP_034391457.1	WP_089166998.1	55.491	346	143	3	3	345	1	338	1.02e-124	359
WP_034391467.1	WP_089167653.1	66.774	310	102	1	1	310	1	309	1.12e-135	384
WP_034391471.1	WP_089168405.1	56.410	39	17	0	361	399	23	61	6.52e-06	45.1
WP_034391473.1	WP_089167766.1	60.913	504	193	1	4	507	5	504	0.0	637
WP_034391505.1	WP_089167776.1	53.376	948	361	16	17	957	17	890	0.0	882
WP_034391560.1	WP_089167969.1	53.367	594	230	10	13	602	7	557	0.0	602
WP_034391566.1	WP_039802770.1	54.861	144	60	1	3	146	4	142	7.36e-54	164
WP_034391573.1	WP_089169784.1	53.085	859	387	7	14	869	3	848	0.0	927
WP_034391586.1	WP_089167968.1	67.500	160	51	1	6	165	2	160	9.73e-80	231
WP_034391586.1	WP_039803233.1	58.065	155	62	1	14	168	33	184	3.73e-58	177
WP_034391597.1	WP_089169076.1	66.947	475	152	2	2	473	3	475	0.0	643
WP_034391602.1	WP_039806371.1	50.837	478	207	7	26	503	30	479	7.31e-135	396
WP_034391746.1	WP_089169358.1	54.878	164	74	0	33	196	2	165	7.13e-60	182
WP_034391750.1	WP_089170014.1	56.354	181	79	0	11	191	7	187	3.51e-75	221
WP_034391773.1	WP_089167371.1	53.280	503	220	3	77	569	70	567	2.14e-147	434
WP_034391784.1	WP_089167497.1	51.880	266	126	2	9	272	9	274	8.61e-97	283
WP_034391788.1	WP_089167501.1	62.329	584	214	4	10	592	3	581	0.0	652
WP_034391810.1	WP_089167768.1	52.423	454	211	3	7	460	10	458	4.59e-170	483
WP_034391820.1	WP_089168538.1	53.034	445	187	3	12	456	6	428	5.31e-126	370
WP_034391855.1	WP_089167214.1	50.000	64	27	2	20	79	7	69	5.02e-08	51.2
WP_034391890.1	WP_089167517.1	52.805	1123	509	9	38	1154	39	1146	0.0	1130
WP_034391938.1	WP_089168829.1	60.754	451	155	6	12	460	8	438	0.0	560
WP_034392045.1	WP_157731490.1	59.494	395	153	2	1	388	1	395	7.06e-159	465
WP_034392075.1	WP_039802703.1	52.582	213	95	3	1	208	1	212	7.30e-68	204
WP_034392136.1	WP_089168336.1	59.160	262	100	3	1	259	1	258	4.14e-101	293
WP_034392143.1	WP_089168335.1	51.188	547	232	8	18	551	5	529	4.97e-173	498
WP_034392162.1	WP_089167232.1	64.605	582	205	1	372	953	254	834	0.0	744
WP_034392214.1	WP_089169660.1	55.495	364	161	1	4	366	2	365	1.20e-130	375
WP_034392254.1	WP_089167894.1	54.545	286	120	5	25	309	3	279	3.11e-107	312
WP_034392302.1	WP_089170027.1	60.000	145	58	0	293	437	39	183	8.26e-61	197
WP_034392380.1	WP_089169494.1	68.269	416	131	1	1	415	1	416	0.0	593
WP_034392438.1	WP_198319044.1	60.317	126	50	0	7	132	5	130	4.29e-49	150
WP_034392548.1	WP_089167835.1	58.834	566	220	3	3	567	2	555	0.0	654
WP_034392603.1	WP_089168027.1	58.580	338	134	2	215	552	222	553	1.25e-105	327
WP_034392603.1	WP_089168028.1	56.977	344	147	1	215	558	222	564	1.11e-102	320
WP_034392603.1	WP_089169685.1	61.667	300	115	0	215	514	222	521	3.14e-102	319
WP_034392603.1	WP_089169837.1	53.313	332	143	2	187	512	201	526	6.06e-94	298
WP_034392605.1	WP_232487252.1	61.011	277	108	0	574	850	1	277	1.67e-110	337
WP_034392629.1	WP_089167914.1	50.311	161	76	1	8	168	16	172	5.95e-50	155
WP_034392691.1	WP_089170061.1	65.330	1047	359	3	1	1045	1	1045	0.0	1350
WP_034392695.1	WP_089168996.1	58.182	110	46	0	1	110	1	110	1.03e-42	133
WP_034392742.1	WP_089168406.1	58.491	265	98	2	11	263	8	272	1.52e-73	231
WP_034392742.1	WP_089168407.1	59.483	232	87	1	295	519	20	251	7.69e-70	221
WP_034392744.1	WP_089168405.1	61.154	260	97	1	1	260	1	256	6.04e-85	252
WP_034392747.1	WP_089168404.1	68.978	274	82	2	21	294	13	283	2.69e-135	381
WP_034392749.1	WP_089167213.1	66.607	557	182	1	5	557	4	560	0.0	725
WP_034392769.1	WP_089168887.1	55.269	427	187	1	2	424	3	429	5.86e-158	450
WP_034392769.1	WP_089168062.1	56.542	428	181	2	3	426	8	434	8.41e-154	440
WP_034392790.1	WP_089166770.1	55.778	1047	447	3	1	1042	1	1036	0.0	1133
WP_034392790.1	WP_089169675.1	52.521	1051	482	4	1	1045	1	1040	0.0	1090
WP_034392802.1	WP_089169401.1	59.244	741	287	5	1	741	1	726	0.0	847
WP_034392836.1	WP_089167548.1	51.987	302	144	1	18	319	30	330	2.20e-97	289
WP_034392892.1	WP_089167835.1	58.657	566	221	3	3	567	2	555	0.0	654
WP_034392967.1	WP_089168029.1	53.846	325	150	0	188	512	197	521	2.09e-89	282
WP_034392967.1	WP_089169837.1	50.610	328	159	1	188	512	201	528	1.65e-88	280
WP_034392967.1	WP_089169685.1	56.146	301	132	0	213	513	222	522	5.52e-88	278
WP_034392967.1	WP_089168028.1	55.667	300	133	0	213	512	222	521	2.02e-87	277
WP_034392967.1	WP_089168027.1	55.333	300	134	0	213	512	222	521	2.26e-86	274
WP_034392971.1	WP_089168029.1	54.062	320	140	2	282	596	204	521	2.95e-85	275
WP_034392971.1	WP_089168027.1	56.738	282	122	0	315	596	240	521	3.00e-83	269
WP_034392971.1	WP_089169685.1	56.738	282	122	0	315	596	240	521	1.46e-82	267
WP_034392971.1	WP_089168028.1	54.515	299	136	0	315	613	240	538	3.79e-82	266
WP_034392981.1	WP_089169125.1	50.150	333	162	2	6	338	2	330	3.66e-108	317
WP_034393000.1	WP_089169058.1	50.737	339	167	0	6	344	6	344	3.49e-117	342
WP_034393004.1	WP_089168343.1	53.717	955	420	8	4	950	2	942	0.0	1058
WP_034393007.1	WP_039803709.1	53.669	477	214	3	1	475	1	472	1.91e-173	493
WP_034393050.1	WP_089167663.1	51.541	357	159	8	28	381	31	376	1.97e-113	333
WP_034393073.1	WP_089168986.1	57.218	381	156	4	13	388	4	382	1.91e-144	412
WP_034393088.1	WP_089167345.1	51.982	454	193	9	43	479	46	491	2.11e-138	406
WP_034393098.1	WP_089168964.1	56.250	336	132	4	1	333	1	324	8.16e-114	330
WP_034393117.1	WP_089167536.1	56.061	264	104	2	3	265	2	254	3.90e-86	254
WP_034393136.1	WP_089167245.1	54.338	219	93	4	363	581	157	368	2.93e-66	223
WP_034393136.1	WP_232487212.1	54.245	212	89	5	366	577	41	244	5.64e-59	199
WP_034393175.1	WP_089167584.1	52.511	219	95	2	1	219	2	211	2.25e-55	173
WP_034393204.1	WP_089168916.1	60.630	381	145	2	1	380	6	382	1.70e-154	438
WP_034393209.1	WP_089168902.1	59.701	402	152	5	1	398	1	396	8.13e-166	468
WP_034393215.1	WP_089168603.1	55.396	139	60	2	12	150	32	168	5.97e-46	149
WP_034393220.1	WP_232487273.1	58.966	290	118	1	9	298	1	289	3.36e-120	345
WP_034393268.1	WP_039801735.1	63.675	234	85	0	1	234	1	234	2.60e-102	294
WP_034393333.1	WP_089167940.1	62.879	396	142	3	14	406	4	397	1.19e-172	485
WP_034393389.1	WP_089166960.1	51.338	598	277	7	2	586	15	611	0.0	589
WP_034393401.1	WP_089166785.1	51.269	394	191	1	4	397	2	394	4.02e-149	426
WP_034393406.1	WP_089169086.1	54.362	298	132	2	1	297	1	295	2.26e-88	263
WP_034393406.1	WP_089167878.1	52.013	298	139	2	1	297	1	295	5.45e-84	252
WP_034393428.1	WP_089167584.1	52.607	211	99	1	1	211	2	211	1.98e-51	162
WP_034393435.1	WP_089169927.1	52.843	299	138	1	1	299	1	296	3.32e-101	295
WP_034393437.1	WP_039802315.1	65.330	424	139	3	1	424	1	416	0.0	571
WP_034393456.1	WP_089168542.1	57.872	235	95	2	1	231	1	235	1.06e-83	246
WP_034393482.1	WP_232487118.1	51.493	134	57	3	4	135	11	138	1.29e-29	102
WP_034393501.1	WP_089168029.1	50.245	408	193	5	114	517	122	523	1.26e-96	301
WP_034393501.1	WP_089168027.1	59.197	299	122	0	219	517	225	523	3.96e-93	292
WP_034393501.1	WP_089168028.1	58.528	299	124	0	219	517	225	523	9.01e-91	286
WP_034393501.1	WP_089169685.1	57.616	302	128	0	219	520	225	526	9.94e-91	286
WP_034393501.1	WP_089166958.1	50.987	304	147	2	212	514	211	513	4.35e-75	244
WP_034393517.1	WP_232487241.1	52.184	435	199	1	20	454	3	428	8.90e-143	428
WP_034393520.1	WP_089168056.1	56.552	145	60	2	1	144	11	153	8.28e-48	150
WP_034393520.1	WP_089167902.1	55.172	145	62	2	1	144	11	153	6.31e-46	145
WP_034393526.1	WP_089168058.1	58.155	607	248	3	4	608	1	603	0.0	696
WP_034393526.1	WP_089167610.1	59.603	604	238	3	4	605	1	600	0.0	689
WP_034393570.1	WP_089169837.1	52.599	327	152	2	272	598	207	530	1.45e-90	288
WP_034393570.1	WP_089168029.1	52.493	341	160	1	264	604	191	529	1.73e-88	283
WP_034393570.1	WP_089169685.1	57.049	305	122	1	315	610	240	544	9.77e-87	278
WP_034393570.1	WP_089168027.1	58.131	289	121	0	315	603	240	528	1.35e-86	278
WP_034393570.1	WP_089168028.1	57.586	290	123	0	315	604	240	529	1.26e-85	275
WP_034393580.1	WP_089169605.1	55.000	40	18	0	30	69	350	389	4.43e-06	44.3
WP_034393844.1	WP_089168029.1	60.185	324	127	2	190	511	198	521	2.94e-103	321
WP_034393844.1	WP_089168028.1	57.558	344	139	3	215	551	225	568	4.80e-103	320
WP_034393844.1	WP_089169685.1	58.929	336	135	2	211	543	220	555	3.55e-102	318
WP_034393844.1	WP_089168027.1	57.270	337	141	2	215	551	225	558	3.80e-101	315
WP_034393844.1	WP_089169837.1	52.312	346	155	2	178	518	200	540	1.98e-97	306
WP_034393931.1	WP_089169625.1	53.555	211	98	0	11	221	21	231	1.06e-46	151
WP_034393948.1	WP_089168835.1	52.089	359	158	5	8	364	2	348	3.48e-111	325
WP_034393948.1	WP_089169660.1	55.220	364	152	5	10	366	6	365	8.44e-109	320
WP_034394016.1	WP_052263879.1	66.929	127	41	1	1	127	1	126	2.32e-61	182
